 
STEADY-STATE RESULTS:
 
y 		 0.946267
c 		 0.674619
k 		 11.8624
R 		 1.00946
z 		 0
N 		 0.223985
 
MODEL SUMMARY
 
  Number of variables:         6
  Number of stochastic shocks: 1
  Number of state variables:   2
  Number of jumpers:           3
  Number of static variables:  1


MATRIX OF COVARIANCE OF EXOGENOUS SHOCKS

Variables    e         
e            1.000000
 
POLICY AND TRANSITION FUNCTIONS
                                       y               c               k               R               z               N
Constant                    0.946267        0.674619       11.862351        1.009457               0        0.223985
k(-1)                       0.013719        0.031757        0.959200       -0.002021               0       -0.005662
z(-1)                       1.457831        0.226472        1.227187        0.044611        0.945000        0.209432
e                           0.010444        0.001622        0.008792        0.000320        0.006770        0.001500


MOMENTS OF SIMULATED VARIABLES

VARIABLE      MEAN            STD. DEV.       VARIANCE        SKEWNESS        KURTOSIS        
y                 0.930289        0.022688        0.000515       -0.240592       -0.470845
c                 0.664799        0.008378        0.000070       -0.244542       -0.894611
k                11.614164        0.205000        0.042025       -0.180723       -0.824235
R                 1.009572        0.000634        0.000000       -0.186535       -0.267281
z                -0.008155        0.013926        0.000194       -0.230726       -0.385862
N                 0.223581        0.002864        0.000008       -0.203410       -0.244309


CORRELATION OF SIMULATED VARIABLES

VARIABLE    y       c       k       R       z       N       
y           1.0000  0.7683  0.5476  0.7169  0.9933  0.8760
c           0.7683  1.0000  0.9563  0.1045  0.6892  0.3642
k           0.5476  0.9563  1.0000 -0.1909  0.4472  0.0760
R           0.7169  0.1045 -0.1909  1.0000  0.7926  0.9643
z           0.9933  0.6892  0.4472  0.7926  1.0000  0.9258
N           0.8760  0.3642  0.0760  0.9643  0.9258  1.0000


AUTOCORRELATION OF SIMULATED VARIABLES

VARIABLE    1       2       3       4       5       
y           0.8976  0.8072  0.7077  0.6311  0.5619
c           0.9798  0.9580  0.9305  0.9029  0.8733
k           0.9947  0.9852  0.9705  0.9515  0.9290
R           0.8663  0.7506  0.6252  0.5334  0.4537
z           0.8851  0.7844  0.6741  0.5903  0.5153
N           0.8615  0.7415  0.6113  0.5152  0.4312
