 
STEADY-STATE RESULTS:
 
Y  		 1.45042
C  		 0.851953
K  		 15.4193
G  		 0.290085
z  		 0
g  		 0
N  		 0.299996
TR 		 0
 
MODEL SUMMARY
 
  Number of variables:         8
  Number of stochastic shocks: 2
  Number of state variables:   3
  Number of jumpers:           4
  Number of static variables:  1


MATRIX OF COVARIANCE OF EXOGENOUS SHOCKS

Variables    ez        eg        
ez           0.000000  0.000000
eg           0.000000  1.000000
 
POLICY AND TRANSITION FUNCTIONS
                                      Y               C               K               G               z               g               N               TR
Constant                    1.450423        0.851953       15.419266        0.290085               0               0        0.299996               0
K(-1)                       0.032233        0.030983        0.981249               0               0               0       -0.001859        0.006447
z(-1)                       1.764710        0.461286        1.303425               0        0.900000               0        0.158341        0.352942
g(-1)                       0.037662       -0.173541       -0.064378        0.275581               0        0.950000        0.012983       -0.268048
ez                          0.013726        0.003588        0.010138               0        0.007000               0        0.001232        0.002745
eg                          0.000396       -0.001827       -0.000678        0.002901               0        0.010000        0.000137       -0.002822


MOMENTS OF SIMULATED VARIABLES

VARIABLE      MEAN            STD. DEV.       VARIANCE        SKEWNESS        KURTOSIS        
Y                 1.451141        0.001220        0.000001       -0.717501        0.164170
C                 0.855561        0.004085        0.000017        0.172066       -0.587912
K                15.457961        0.030906        0.000955       -1.246454        1.226599
G                 0.286251        0.006102        0.000037       -0.235243       -0.417096
z                 0.000000        0.000000        0.000000        0.389176       -0.849545
g                -0.013217        0.021034        0.000442       -0.235243       -0.417096
N                 0.299744        0.000301        0.000000       -0.191904       -0.558490
TR                0.003977        0.005965        0.000036        0.231667       -0.440534


CORRELATION OF SIMULATED VARIABLES

VARIABLE    Y       C       K       G       z       g       N       TR      
Y           1.0000 -0.3655  0.7039  0.5741  0.0514  0.5741  0.4065 -0.5463
C          -0.3655  1.0000  0.4039 -0.9720  0.6652 -0.9720 -0.9990  0.9793
K           0.7039  0.4039  1.0000 -0.1775  0.5581 -0.1775 -0.3628  0.2104
G           0.5741 -0.9720 -0.1775  1.0000 -0.5722  1.0000  0.9815 -0.9994
z           0.0514  0.6652  0.5581 -0.5722  1.0000 -0.5722 -0.6505  0.5874
g           0.5741 -0.9720 -0.1775  1.0000 -0.5722  1.0000  0.9815 -0.9994
N           0.4065 -0.9990 -0.3628  0.9815 -0.6505  0.9815  1.0000 -0.9873
TR         -0.5463  0.9793  0.2104 -0.9994  0.5874 -0.9994 -0.9873  1.0000


AUTOCORRELATION OF SIMULATED VARIABLES

VARIABLE    1       2       3       4       5       
Y           0.9410  0.8896  0.8338  0.7921  0.7555
C           0.9033  0.8179  0.7240  0.6515  0.5861
K           0.9977  0.9943  0.9891  0.9825  0.9746
G           0.8904  0.7940  0.6883  0.6074  0.5347
z           0.9891  0.9689  0.9390  0.9022  0.8603
g           0.8904  0.7940  0.6883  0.6074  0.5347
N           0.9002  0.8121  0.7153  0.6407  0.5734
TR          0.8917  0.7963  0.6916  0.6114  0.5394
