 
STEADY-STATE RESULTS:
 
y               		 0.643149
c               		 0.346556
k               		 3.05974
R               		 0.0128065
z               		 0
N               		 -0.733965
 
MODEL SUMMARY
 
  Number of variables:         9
  Number of stochastic shocks: 1
  Number of state variables:   5
  Number of jumpers:           3
  Number of static variables:  1


MATRIX OF COVARIANCE OF EXOGENOUS SHOCKS

Variables    e         
e            1.000000
 
POLICY AND TRANSITION FUNCTIONS
                         y               c               k               R               z               N              
Constant                    0.643149        0.346556        3.059736        0.012807               0       -0.733965
k(-1)                       0.327167        0.415861        0.978782       -0.021515               0       -0.056252
z(-1)                       1.064595        0.902234        0.035029        0.034042        0.999000        0.102974
e(-1)                      -0.001285        0.001895       -0.000240       -0.000041               0       -0.002017
e(-2)                      -0.001312        0.001935       -0.000245       -0.000042               0       -0.002060
e(-3)                       0.007215        0.006114        0.000237        0.000231        0.006770        0.000698
e                          -0.001258        0.001856       -0.000235       -0.000040               0       -0.001976


MOMENTS OF SIMULATED VARIABLES

VARIABLE      MEAN            STD. DEV.       VARIANCE        SKEWNESS        KURTOSIS        
y                 0.606757        0.088439        0.007821        0.401450       -1.061085
c                 0.312920        0.086779        0.007531        0.369615       -1.137344
k                 3.043045        0.091518        0.008375        0.155976       -1.337633
R                 0.012156        0.000679        0.000000       -0.145155       -0.635402
z                -0.029454        0.055679        0.003100        0.532329       -0.814181
N                -0.735712        0.004220        0.000018        0.094470       -0.101197


CORRELATION OF SIMULATED VARIABLES

VARIABLE         y              c              k              R              z              N              
y           1.0000  0.9973  0.9747 -0.0310  0.9938  0.2847
c           0.9973  1.0000  0.9832 -0.0815  0.9875  0.2135
k           0.9747  0.9832  1.0000 -0.2534  0.9448  0.1325
R          -0.0310 -0.0815 -0.2534  1.0000  0.0756  0.6506
z           0.9938  0.9875  0.9448  0.0756  1.0000  0.3298
N           0.2847  0.2135  0.1325  0.6506  0.3298  1.0000


AUTOCORRELATION OF SIMULATED VARIABLES

VARIABLE    1       2       3       4       5       
y           0.9934  0.9892  0.9844  0.9819  0.9795
c           0.9967  0.9955  0.9943  0.9924  0.9906
k           0.9977  0.9974  0.9971  0.9968  0.9964
R           0.9152  0.8380  0.7474  0.6984  0.6528
z           0.9910  0.9845  0.9772  0.9714  0.9661
N           0.6653  0.3674  0.0100  0.0247  0.0313
